50767657
50767707
50768208
50768297
50768348
50768395
50768444
50768479
50768515
50768558
50768593
50768629
50768665
50768700
50768736
50768773
50768809
50768847
50768892
50768942
50768978
50769018
50769059
50769096
50769133
50769172
50769208
50769243
50769276
50769310
50769353
50769385
50769419
50769460
50769495
50769530
50769569
50769603
50769637
50769681
50769715
50769756
50769792
50769829
50769864
50769900
50769935
50769985
50770025
50770063
50770097
50770133
50770171
50770206
50770241
50770276
50770309
50770343
50770380
50770415
50770448
50770483
50770520
50770553
50770587
50770628
50770781
50770815
50770855
50770890
50770923
50770961
50770998
50771030
50771065
50771101
50771138
50771175
50771218
50771252
50771288
50771327
50771364
50771400
50771436
50771468
50771504
50771541
50771574
50771611
50771648
50771686
50771720
50771754
50771787
50771824
50771862
50771895
50771930
50771967
50772000
50772034
50772074
50772110
50772146
50772182
50772217
50772251
50772285
50772322
50772363
50772400
50772436
50772473
50772508
50772543
50772581
50772618
50772656
50772693
50772729
50772764
50772799
50772832
50772867
50772904
50772945
50772979
50773015
50773052
50773087
50773122
50773161
871
910
946
981
1016
1052
1088
1131
1168
1205
1240
1276
1313
1359
1126
1166
1200
1232
1266
1304
1079
1115
1155
1192
1227
1266
1302
1338
1082
1116
1154
1198
1233
1267
1303
1338
1372
1412
1448
1484
1522
1268
1306
1345
1380
1126
1169
1205
1239
1279
1312
1346
1384
1139
1176
1217
1256
1288
1323
1361
1396
1434
1473
1232
1266
1301
1338
1376
1411
1447
1194
1232
1267
1307
1341
1376
1413
1447
1198
1240
1276
1312
1346
1384
1422
1161
1199
1236
1271
1305
1341
1377
1412
1449
1487
1528
1272
1310
1345
1378
1413
1450
1487
1527
1276
1311
1346
1382
1417
1458
1494
1528
1285
1322
1356
1400
1434
1469
1504
1542
1579
1615
1339
1377
1410
1445
1485
1528
1565
1600
1634
1361
1397
1435
1474
1512
1546
1581
1619
1327
1362
1398
1443
1477
1510
1549
1261
1296
1332
1366
1402
1444
1479
1516
1304
1340
1374
1414
1448
1488
1525
1280
1315
1360
1394
1429
1465
1499
1540
1311
1345
1379
1416
1449
1484
1524
1563
1602
1348
1384
1420
1458
1491
1524
1561
1599
1634
1338
1373
1410
1443
1478
1513
1552
1591
1330
1364
1399
1437
1475
1508
1545
1581
1616
1342
1407
1443
1475
1509
1543
1588
1625
1352
1387
1421
1456
1495
1529
1566
1601
1638
1355
1394
1426
1462
1500
1538
1577
1619
1337
1370
1405
1438
1476
1520
1556
1593
1626
1351
1387
1426
1459
1499
1533
1567
1602
1638
1673
1391
1427
1462
1499
1540
1574
1609
1644
1350
1386
1426
1462
1501
1538
1572
1606
1377
1411
1448
1487
1523
1555
1593
1630
1398
1435
1474
1508
1553
1592
1626
1659
1426
1459
1497
1530
1570
1607
1640
1673
1712
1418
1452
1488
1523
1563
1604
1638
1373
1408
1442
1477
1517
1552
1592
1629
1663
1417
1462
1497
1529
1567
1603
1639
1682
1396
1430
1464
1500
1533
1572
1613
1647
1682
1407
1442
1478
1513
1547
1580
1619
1658
1696
1731
1447
1485
1519
1552
1599
1636
1672
1707
1421
1457
1496
1531
1568
1605
1642
1680
1717
1430
1467
1502
1535
1572
1613
1648
1683
1718
1435
1471
1509
1545
1582
1618
1657
1691
1411
1448
1482
1517
1552
1587
1630
1666
1391
1427
1460
1494
1534
1567
1602
1643
1679
1404
1440
1473
1508
1542
1582
1618
1658
1693
1406
1441
1474
1508
1554
1587
1621
1657
1691
1406
1444
1482
1520
1556
1591
1624
1680
1385
1420
1461
1495
1537
1572
1607
1643
1358
1392
1433
1467
1506
1543
1578
1332
1369
1402
1438
1471
1505
1545
1585
1361
1398
1433
1467
1507
1545
1580
1617
1365
1403
1438
1476
1513
1548
1583
1619
1655
1693
1432
1466
1500
1536
1571
1612
1649
1685
1723
1411
1446
1484
1521
1554
1588
1623
1659
1700
1401
1433
1468
1506
1540
1580
1615
1649
1688
1730
1412
1449
1486
1520
1553
1591
1625
1662
1708
1413
1447
1482
1516
1568
1605
1638
1677
1731
1426
1463
1496
1533
1568
1605
1642
1685
1719
1434
1470
1506
1541
1582
1619
1652
1687
1721
1418
1455
1489
1526
1565
1597
1634
1671
1706
1409
1443
1481
1521
1562
1596
1631
1667
1369
1403
1441
1480
1519
1554
1590
1314
1351
1387
1424
1457
1495
1530
1569
1348
1382
1415
1452
1486
1525
1564
1598
1355
1390
1423
1462
1496
1530
1567
1605
1641
1383
1417
1454
1487
1522
1557
1602
1639
1674
1397
1430
1468
1504
1539
1576
1613
1652
1686
1405
1440
1479
1513
1546
1587
1624
1658
1357
1391
1425
1461
1499
1538
1572
1609
1645
1381
1417
1451
1488
1525
1563
1602
1639
1370
1408
1442
1477
1515
1555
1592
1629
1344
1378
1414
1459
1494
1528
1569
1607
1363
1399
1434
1469
1502
1540
1576
1617
1652
1367
1402
1437
1472
1511
1546
1583
1626
1360
1395
1433
1467
1500
1536
1572
1610
1649
1367
1400
1437
1472
1508
1545
1580
1619
1658
1384
1420
1457
1492
1527
1564
1602
1638
1683
1406
1441
1475
1511
1550
1589
1626
1661
1364
1399
1434
1480
1520
1554
1588
1623
1657
1696
1414
1448
1488
1525
1560
1597
1635
1328
1364
1398
1432
1472
1515
1551
1330
1366
1400
1439
1474
1508
1542
1580
1328
1365
1399
1433
1470
1505
1539
1580
1345
1382
1419
1451
1487
1526
1560
1596
1633
1666
1703
1450
1487
1520
1554
1590
1625
1662
1702
1737
1418
1453
1488
1526
1563
1598
1631
1667
1706
1402
1437
1472
1506
1540
1574
1622
1656
1694
1381
1416
1451
1488
1521
1556
1591
1626
1659
1705
1410
1446
1482
1516
1549
1588
1624
1663
1698
1391
1426
1465
1498
1539
1577
1610
1650
1360
1394
1430
1462
1504
1539
1577
1614
1651
1685
1387
1424
1465
1501
1540
1574
1609
1304
1343
1382
1418
1454
1491
1526
1286
1323
1356
1389
1434
1470
1511
1306
1342
1377
1410
1448
1492
1528
1283
1319
1352
1387
1427
1464
1504
1539
1293
1329
1366
1401
1436
1471
1504
1542
1578
1346
1382
1417
1452
1488
1526
1562
1602
1309
1343
1378
1422
1459
1494
1528
1569
1335
1371
1409
1444
1477
1515
1548
1590
1628
1321
1355
1389
1424
1463
1498
1542
1577
1294
1331
1368
1402
1436
1469
1502
1542
1581
1316
1355
1391
1428
1463
1504
1543
1582
1305
1339
1375
1416
1449
1484
1526
1562
1297
1337
1370
1406
1442
1476
1511
1554
1289
1329
1364
1397
1432
1470
1510
1548
1274
1309
1344
1385
1422
1458
1492
1529
1569
1312
1348
1384
1417
1451
1488
1527
1562
1305
1340
1373
1407
1445
1479
1517
1553
1280
1318
1357
1390
1427
1461
1496
1533
1577
1301
1338
1373
1406
1441
1483
1520
1557
1593
1288
1324
1362
1395
1428
1463
1503
1539
1270
1304
1339
1372
1405
1442
1479
1518
1267
1300
1333
1369
1410
1446
1480
1228
1267
1303
1342
1376
1412
1447
1481
1515
1285
1326
1363
1395
1431
1465
1502
1539
1574
1297
1338
1374
1414
1450
1484
1519
1554
1587
1311
1347
1380
1417
1452
1486
1529
1567
1604
1314
1352
1386
1424
1462
1497
1531
1567
1605
1307
1344
1378
1413
1446
1486
1522
1558
1267
1305
1342
1378
1417
1454
1490
1523
1557
1298
1334
1370
1407
1441
1476
1513
1551
1280
1315
1351
1389
1424
1461
1495
1533
1570
1287
1324
1364
1397
1433
1466
1506
1546
1265
1301
1334
1368
1402
1440
1480
1516
1244
1277
1310
1344
1385
1419
1453
1495
1230
1266
1307
1342
1375
1413
1447
1486
1239
1271
1305
1344
1381
1415
1455
1220
1256
1295
1330
1363
1409
1443
1478
1513
1267
1305
1347
1383
1418
1452
1489
1522
1244
1278
1318
1356
1393
1428
1465
1500
1535
1260
1293
1334
1373
1408
1444
1482
1516
1552
1258
1295
1335
1370
1405
1440
1477
1510
1546
1266
1301
1337
1382
1416
1452
1485
1520
1561
1286
1321
1354
1391
1424
1459
1498
1533
1234
1269
1303
1336
1377
1411
1445
1479
1227
1267
1305
1341
1377
1410
1447
1481
1220
1256
1299
1333
1367
1403
1441
1475
1512
1256
1290
1324
1368
1405
1445
1483
1519
1556
1596
1312
1346
1386
1420
1455
1497
1531
1565
1604
1308
1340
1383
1420
1456
1492
1527
1561
1599
1306
1342
1379
1418
1452
1490
1524
1559
1593
1630
1306
1345
1379
1413
1449
1483
1518
1564
1251
1285
1322
1356
1391
1430
1465
1502
1223
1258
1292
1332
1366
1399
1436
1476
1208
1247
1286
1322
1356
1394
1429
1466
1211
1244
1279
1317
1353
1391
1427
1463
1495
1242
1277
1317
1353
1391
1428
1463
1498
1541
1576
1311
1347
1381
1419
1464
1498
1531
1566
1603
1291
1328
1364
1403
1441
1475
1507
1545
1584
1618
1291
1326
1369
1410
1444
1482
1515
1549
1586
1283
1317
1355
1394
1427
1465
1503
1537
1572
1268
1305
1342
1380
1415
1449
1482
1518
1554
1254
1291
1328
1362
1395
1431
1469
1503
1547
1274
1308
1343
1382
1419
1455
1491
1528
1243
1279
1313
1348
1383
1417
1456
1497
1531
1259
1293
1328
1364
1401
1437
1477
1190
1227
1262
1302
1339
1373
1407
1450
1226
1265
1300
1334
1369
1402
1437
1202
1241
1279
1314
1349
1383
1424
1459
1224
1259
1301
1334
1373
1408
1443
1477
1514
1248
1289
1326
1360
1394
1430
1465
1505
1538
1268
1303
1340
1376
1414
1449
1483
1518
1558
1277
1314
1349
1384
1418
1452
1489
1530
1239
1284
1321
1355
1390
1429
1461
1497
1248
1280
1314
1355
1389
1422
1459
1497
1224
1265
1297
1335
1369
1404
1439
1477
1222
1261
1294
1328
1363
1406
1442
1476
1216
1254
1286
1325
1359
1396
1433
1467
1210
1257
1290
1324
1359
1393
1428
1469
1501
1246
1286
1320
1354
1393
1427
1460
1497
1205
1243
1282
1317
1351
1386
1419
1454
1495
1255
1291
1328
1362
1397
1437
1471
1506
1223
1261
1295
1336
1370
1403
1440
1478
1217
1255
1292
1326
1360
1394
1427
1468
1207
1239
1274
1308
1346
1384
1418
1458
1492
1216
1254
1295
1329
1365
1399
1433
1470
1190
1226
1260
1294
1331
1364
1416
1182
1219
1256
1295
1328
1366
1400
1435
1209
1251
1285
1323
1358
1393
1429
1463
1236
1274
1315
1349
1387
1420
1455
1493
1531
1216
1254
1291
1326
1366
1400
1434
1468
1502
1209
1250
1284
1317
1353
1386
1420
1459
1193
1230
1268
1302
1337
1386
1420
1454
1190
1231
1266
1311
1345
1380
1416
1451
1190
1234
1269
1303
1338
1372
1408
1447
1185
1221
1258
1291
1325
1400
1436
1174
1209
1243
1281
1316
1351
1392
1426
1161
1214
1248
1286
1324
1358
1397
1434
1180
1214
1248
1286
1321
1360
1114
1153
1186
1220
1258
1297
1333
1125
1158
1194
1228
1266
1304
1101
1136
1171
1207
1250
1285
1322
1129
1165
1198
1236
1272
1305
1341
1376
1168
1207
1239
1274
1308
1342
1375
1421
1167
1200
1238
1272
1306
1360
1126
1164
1197
1231
1266
1307
1341
1380
1417
1183
1217
1277
1313
1348
1381
1421
1155
1194
1227
1262
1298
1332
1367
1190
1224
1259
1294
1331
1374
1140
1173
1209
1242
1276
1318
1356
1132
1165
1202
1237
1275
1315
1350
1093
1129
1164
1203
1240
1275
1311
1099
1132
1170
1205
1239
1275
1311
1098
1142
1180
1214
1247
1281
1317
1120
1155
1197
1230
1265
1299
1336
1370
1139
1178
1213
1250
1288
1322
1358
1391
1127
1166
1205
1239
1277
1310
1345
1383
1136
1171
1207
1241
1275
1311
1348
1104
1143
1179
1212
1247
1301
1335
1371
1143
1177
1216
1249
1282
1319
1357
1103
1145
1182
1215
1252
1288
1328
1369
1144
1178
1213
1248
1287
1325
1361
1119
1153
1187
1222
1262
1296
1333
1117
1155
1191
1234
1269
1304
1340
1106
1144
1185
1220
1255
1290
1326
1361
1170
1205
1242
1277
1317
1351
1389
1424
1139
1174
1211
1245
1285
1324
1358
1393
1426
1143
1184
1221
1256
1288
1325
1359
1399
1133
1170
1205
1239
1272
1310
1345
1379
1114
1146
1187
1227
1261
1294
1330
1365
1118
1156
1192
1228
1263
1297
1331
1374
1407
1151
1187
1227
1265
1323
1357
1394
1430
1188
1250
1285
1319
1355
1388
1429
1168
1200
1235
1270
1305
1350
1388
1429
1145
1177
1213
1254
1287
1329
1072
1108
1143
1186
1221
1256
1291
1080
1118
1156
1192
1230
1267
1302
1086
1124
1166
1199
1234
1270
1304
1098
1132
1169
1210
1245
1280
1321
1354
1129
1168
1201
1237
1281
1315
1349
1383
1419
1143
1179
1217
1252
1288
1323
1357
1396
1122
1156
1196
1231
1267
1308
1342
1377
1112
1145
1180
1224
1260
1295
1328
1363
1397
1134
1171
1208
1246
1280
1314
1350
1387
1135
1172
1207
1245
1282
1316
1354
1391
1135
1176
1217
1253
1287
1320
1355
1069
1110
1144
1181
1217
1250
1284
1324
1358
1131
1167
1206
1243
1282
1315
1349
1385
1140
1175
1215
1256
1288
1323
1359
1394
1433
1167
1202
1238
1277
1309
1346
1380
1414
1138
1174
1209
1254
1290
1324
1358
1395
1130
1167
1203
1242
1277
1314
1349
1389
1423
1151
1186
1220
1256
1300
1334
1368
1407
1129
1163
1206
1239
1275
1312
1345
1378
1416
1161
1201
1233
1268
1301
1341
1375
1412
1133
1168
1207
1245
1279
1315
1348
1065
1104
1144
1180
1217
1250
1284
1322
1123
1157
1199
1234
1267
1300
1338
1372
1130
1163
1197
1235
1279
1314
1346
1381
1126
1160
1197
1233
1269
1306
1341
1374
1411
1164
1197
1231
1267
1305
1345
1380
1412
1447
1484
1200
1236
1275
1311
1347
1381
1414
1455
1171
1204
1238
1275
1314
1351
1387
1421
1456
1161
1194
1232
1270
1310
1344
1379
1414
1136
1174
1208
1245
1285
1319
1356
1390
1425
1160
1196
1233
1272
1309
1344
1377
1412
1129
1171
1208
1243
1276
1309
1346
1384
1420
1164
1200
1236
1271
1308
1342
1382
1119
1154
1192
1233
1266
1301
1336
1075
1111
1150
1184
1219
1255
1293
1327
1118
1155
1189
1222
1258
1295
1333
1097
1137
1171
1206
1245
1282
1317
1104
1137
1171
1211
1251
1285
1319
1354
1388
1155
1190
1226
1266
1300
1333
1370
1408
1122
1158
1193
1228
1266
1305
1339
1374
1408
1175
1208
1250
1286
1319
1353
1391
1425
1141
1176
1216
1252
1289
1326
1364
1398
1125
1158
1194
1235
1272
1305
1339
1375
1129
1164
1208
1244
1278
1315
1352
1385
1421
1149
1187
1222
1257
1292
1329
1365
1399
1132
1175
1211
1248
1284
1319
1354
1389
1134
1175
1213
1248
1281
1315
1352
1110
1145
1179
1217
1256
1292
1334
1371
1114
1148
1184
1223
1262
1295
1330
1365
1109
1143
1183
1218
1256
1291
1325
1359
1398
1134
1170
1204
1238
1280
1319
1351
1389
1424
1148
1185
1223
1260
1300
1333
1368
1401
1439
1183
1218
1258
1294
1329
1368
1406
1442
1155
1190
1232
1269
1304
1339
1373
1408
1444
1166
1202
1242
1276
1311
1346
1389
1092
1128
1165
1201
1239
1277
1310
1348
1112
1146
1183
1225
1261
1297
1332
1364
1401
1162
1196
1237
1274
1311
1345
1387
1150
1185
1219
1254
1292
1336
1370
1404
1441
1147
1181
1220
1254
1292
1330
1365
1399
1443
1148
1185
1219
1256
1295
1336
1369
1403
1149
1182
1215
1253
1289
1325
1363
1397
1431
1471
1175
1209
1246
1283
1320
1360
1394
1430
1145
1180
1216
1254
1293
1330
1364
1399
1435
1166
1203
1237
1275
1312
1347
1387
1421
1136
1170
1208
1248
1285
1318
1356
1389
1422
1148
1189
1228
1262
1296
1332
1367
1407
1124
1157
1190
1225
1261
1300
1339
1065
1103
1138
1171
1210
1247
1284
1316
1105
1144
1182
1216
1252
1287
1052
1086
1135
1171
1205
1241
1276
1311
1112
1147
1188
1224
1258
1292
1334
1100
1135
1172
1210
1246
1286
1321
1356
1389
1134
1170
1213
1247
1284
1318
1353
1386
1127
1165
1200
1235
1268
1301
1341
1374
1097
1131
1170
1205
1246
1281
1315
1351
1119
1153
1197
1234
1267
1301
1338
1082
1118
1156
1196
1229
1264
1301
1340
1373
1138
1174
1209
1244
1293
1327
1361
1084
1124
1163
1200
1235
1271
1305
1342
1086
1127
1168
1204
1237
1274
1309
1347
1103
1142
1178
1213
1247
1285
1319
1076
1114
1148
1190
1226
1261
1296
1331
1095
1131
1168
1205
1243
1278
1311
1346
1383
1137
1172
1212
1250
1283
1320
1357
1391
1144
1180
1214
1258
1295
1329
1364
1399
1434
1154
1192
1229
1266
1300
1335
1373
1097
1134
1172
1209
1247
1284
1320
1355
1393
1143
1178
1218
1252
1287
1323
1358
1070
1114
1147
1183
1219
1254
1289
1328
1092
1129
1167
1202
1236
1276
1052
1085
1122
1157
1196
1236
1273
1308
1341
1115
1151
1188
1224
1262
1299
1333
1366
1406
1141
1174
1210
1250
1284
1322
1359
1393
1128
1162
1197
1239
1276
1309
1342
1378
1116
1152
1188
1224
1262
1298
1336
1374
1096
1132
1170
1207
1244
1305
1339
1375
1109
1143
1183
1219
1254
1290
1323
1357
1396
1120
1154
1192
1232
1266
1306
1346
1381
1114
1152
1194
1253
1287
1325
1359
1103
1146
1186
1221
1256
1290
1325
1367
1107
1141
1175
1213
1248
1286
1323
1071
1110
1142
1178
1216
1250
1284
1319
1084
1125
1163
1197
1231
1266
1302
1076
1117
1154
1192
1224
1260
1294
1075
1110
1148
1190
1226
1262
1301
1335
1119
1157
1191
1229
1272
1307
1340
1377
1101
1135
1179
1215
1252
1289
1322
1357
1411
1155
1190
1226
1263
1300
1343
1379
1105
1140
1174
1212
1253
1288
1323
1359
1103
1137
1178
1216
1248
1283
1316
1355
1096
1130
1168
1202
1237
1271
1309
1344
1378
1116
1155
1189
1231
1265
1301
1335
1059
1103
1141
1174
1210
1245
1279
1318
1109
1147
1187
1221
1256
1289
1328
1072
1107
1141
1177
1216
1256
1289
1323
1108
1143
1179
1219
1256
1292
1326
1361
1094
1131
1169
1211
1250
1291
1328
1367
1105
1137
1173
1208
1246
1287
1320
1353
1390
1120
1155
1195
1230
1264
1299
1335
1368
1116
1150
1188
1226
1264
1299
1336
1372
1105
1144
1182
1216
1254
1288
1323
1047
1081
1121
1162
1197
1235
1268
1303
1057
1096
1132
1173
1207
1241
1277
1038
1072
1106
1145
1182
1221
1258
1292
1058
1094
1130
1164
1205
1241
1278
1312
1067
1103
1141
1176
1210
1248
1286
1323
1360
1102
1137
1173
1210
1247
1286
1320
1357
1391
1124
1161
1198
1235
1275
1310
1344
1378
1432
1156
1193
1231
1269
1304
1342
1379
1414
1117
1154
1188
1241
1283
1318
1355
1391
1430
1203
1237
1271
1307
1345
1389
1423
1461
1496
1535
1251
1290
1326
1365
1402
1440
1480
1528
1271
1307
1349
1391
1457
1500
