48398968
48399024
48399523
48399613
48399669
48399714
48399758
48399794
48399848
48399884
48399920
48399957
48399995
48400030
48400070
48400108
48400149
48400190
48400238
48400277
48400318
48400363
48400402
48400438
48400475
48400511
48400548
48400586
48400626
48400662
48400698
48400733
48400770
48400808
48400845
48400881
48400917
48400955
48400991
48401026
48401063
48401099
48401138
48401179
48401214
48401249
48401288
48401324
48401360
48401397
48401432
48401469
48401515
48401551
48401585
48401618
48401659
48401696
48401736
48401887
48401926
48401965
48402001
48402035
48402071
48402107
48402143
48402183
48402219
48402255
48402291
48402327
48402363
48402401
48402437
48402476
48402514
48402561
48402596
48402630
48402664
48402702
48402740
48402778
48402814
48402850
48402887
48402923
48402958
48402993
48403036
48403076
48403112
48403149
48403184
48403220
48403256
48403294
48403331
48403369
48403404
48403439
48403477
48403514
48403549
48403584
48403619
48403655
48403691
48403729
48403764
48403801
48403837
48403872
48403911
48403949
48403985
48404020
48404055
48404091
48404125
48404164
48404200
48404242
48404281
48404317
48404353
48404391
48404426
48404462
48404507
46844559
46844602
12040737
12040771
12040807
12040843
12040879
12040925
12040961
12040998
12044735
12044771
12044806
12044868
12044911
12044947
12044984
12045019
12045059
36400811
36400847
36400882
36400922
36400963
36401004
36401039
36401078
36401112
847
881
923
964
998
1034
1070
1106
1145
1181
926
970
1008
1043
1082
1118
1152
880
916
956
1000
1036
1071
1108
1143
1180
1217
1253
1295
1333
1060
1097
1136
1172
1207
1244
961
999
1040
1076
1112
1148
1184
1220
1262
991
1032
1067
1104
1140
1179
1215
1253
1297
1012
1048
1086
1122
1157
1192
1228
1273
1314
1031
1065
1101
1137
1173
1213
1257
957
994
1028
1065
1105
1140
1176
1216
1261
1016
1064
1100
1136
1176
1212
1254
998
1036
1071
1106
1141
1177
1217
1255
1294
1023
1060
1095
1134
1170
1205
1241
1279
1006
1047
1083
1118
1154
1191
1226
1264
1303
1345
1073
1109
1144
1199
1235
1271
1309
1349
1050
1087
1123
1160
1196
1231
1277
1318
1034
1072
1106
1143
1183
1218
1255
1299
1335
1041
1080
1115
1151
1188
1223
1271
1023
1061
1097
1132
1168
1207
1247
1285
1327
1055
1090
1131
1164
1198
1234
1276
1316
1039
1076
1113
1149
1186
1230
1273
1309
1015
1050
1087
1123
1168
1207
1244
973
1009
1044
1084
1120
1161
1201
956
991
1030
1067
1101
1137
1173
1212
993
1029
1064
1099
1137
1172
1222
1261
1019
1056
1093
1132
1169
1204
1239
1281
1011
1052
1088
1123
1159
1195
1230
1270
1312
1349
1054
1091
1125
1167
1203
1239
1278
992
1032
1072
1108
1145
1181
1217
1256
1302
1039
1078
1112
1147
1183
1225
1263
1304
1342
1069
1104
1153
1189
1232
1269
1307
1007
1043
1078
1115
1150
1188
1234
1274
1031
1068
1105
1142
1180
1215
1252
1294
1020
1055
1096
1132
1169
1205
1241
1283
1051
1088
1125
1161
1196
1252
1289
1331
1050
1086
1127
1164
1200
1237
1271
1306
1348
1389
1096
1132
1168
1204
1243
1281
1316
1356
1059
1095
1136
1175
1212
1247
1285
1324
1370
1080
1115
1150
1188
1225
1288
1328
1368
1074
1109
1149
1185
1220
1255
1298
1335
1373
1079
1117
1153
1188
1224
1275
1311
1349
1034
1069
1105
1146
1181
1219
1261
1300
1045
1083
1120
1155
1190
1226
1263
1309
1058
1093
1128
1165
1201
1240
1275
1312
1351
1091
1127
1167
1203
1239
1275
1309
1348
1386
1429
10801117
10801153
10801190
10801226
10801265
10801301
10801338
10801377
10801419
1139
1178
1214
1250
1286
1321
1360
1410
1077
1114
1150
1186
1226
1260
1297
1340
1379
1086
1126
1161
1198
1232
1269
1311
1357
1392
1097
1135
1170
1207
1245
1281
1320
1363
1079
1115
1155
1191
1227
1272
1311
1343
1063
1099
1136
1170
1208
1247
1303
1338
1373
1099
1137
1182
1218
1255
1291
1328
1021
1061
1100
1143
1179
1217
1253
1036
1071
1106
1143
1189
1226
421012
421048
421084
421119
421158
421210
421247
421282
421068
421104
421141
421193
421234
421274
421310
421347
1102
1139
1175
1214
1254
1293
1328
1054
1089
1125
1160
1202
1241
1276
1312
1058
1094
1135
1170
1206
1250
1291
1015
1054
1091
1126
1161
1201
1240
1283
1038
1075
1108
1145
1180
1224
1263
1300
1335
1062
1098
1138
1176
1216
1257
1296
1011
1051
1088
1124
1160
1201
1239
1296
1057
1091
1126
1163
1203
1243
1284
1033
1069
1106
1145
1181
1220
1262
1301
1038
1076
1110
1147
1182
1219
1257
1302
1038
1076
1111
1149
1185
1244
1289
1327
1064
1100
1152
1187
1225
1265
1309
1349
1076
1113
1148
1185
1221
1263
1305
1349
1054
1090
1129
1165
1201
1240
1279
1317
1046
1081
1117
1153
1193
1233
1276
1312
1349
1075
1113
1152
1196
1233
1269
1307
1010
1046
1087
1130
1170
1205
1241
1008
1046
1081
1119
1152
1190
1232
1041
1079
1116
1151
1187
1230
1275
1041
1077
1114
1150
1189
1224
1263
1307
1350
1094
1134
1168
1204
1238
1276
1314
1359
1057
1092
1128
1163
1199
1239
1276
1323
1360
1075
1114
1155
1191
1227
1263
1301
1344
1060
1095
1131
1167
1203
1239
1288
1327
1052
1086
1122
1158
1198
1236
1277
1320
1357
1074
1112
1148
1183
1219
1260
1304
1345
1051
1089
1129
1169
1209
1249
1284
1323
1066
1106
1144
1183
1220
1256
1293
1336
1088
1129
1164
1200
1237
952
993
1040
1076
1111
1147
1183
1013
1057
1092
1127
1164
1200
986
1023
1064
1103
1140
1174
1212
1002
1039
1080
1121
1158
1194
978
1013
1049
1086
1127
1166
1209
1005
1041
1078
1118
1158
1203
1241
1004
1038
1076
1116
1158
1198
1234
1269
1026
1062
1104
1145
1183
1221
1258
1004
1042
1077
1122
1162
1199
973
1012
1050
1086
1130
1172
1209
983
1017
1053
1091
1131
1170
1212
1247
1015
1051
1088
1129
1174
1211
1247
993
1029
1067
1112
1151
1186
943
978
1015
1052
1089
1131
1167
1204
970
1008
1044
1080
1119
1162
927
970
1005
1041
1079
1118
1159
1211
987
1023
1059
1094
1135
1181
1218
970
1008
1043
1079
1140
1185
1223
969
1003
1045
1081
1117
1161
923
964
1005
1039
1077
1113
1153
1195
987
1023
1059
1094
1131
1174
1212
1249
986
1023
1058
1102
1143
1181
917
953
989
1037
1079
1118
1156
923
964
1002
1038
1079
1118
905
944
979
1012
1047
1082
1126
914
949
984
1020
1062
1098
1137
1175
944
982
1019
1055
1094
1129
1165
927
966
1004
1042
1077
1113
1149
1183
1227
995
1030
1065
1100
1137
1173
1215
1258
965
1001
1036
1073
1127
1161
1204
935
971
1011
1048
1085
1128
1165
933
973
1006
1039
1075
1113
1149
1190
940
988
1025
1062
1101
1135
1170
1206
954
994
1038
1073
1110
1145
1183
1227
1271
996
1033
1068
1101
1135
1180
1221
1268
985
1020
1059
1096
1138
1181
897
933
973
1009
1045
1091
1131
928
968
1003
1040
1076
1112
1158
921
955
990
1026
1062
1099
1140
908
948
985
1021
1057
1097
1134
1173
952
991
1027
1066
1101
1136
1171
1208
955
995
1030
1067
1100
1134
1170
1214
937
976
1010
1045
1082
1122
1158
1198
930
968
1008
1048
1084
1119
1156
918
959
999
1037
1073
1109
1144
1181
939
978
1015
1052
1086
1122
1161
1206
958
994
1030
1066
1106
1143
1180
906
952
990
1032
1069
1105
1142
1179
933
977
1010
1046
1081
1117
1153
1194
946
987
1022
1058
1095
1134
1170
1207
921
959
995
1052
1087
1124
1162
920
966
1006
1043
1079
1113
1147
1188
1225
970
1010
1048
1083
1129
1166
1204
942
982
1021
1061
1097
1132
1169
1209
919
960
997
1032
1068
1105
1143
1189
927
963
998
1033
1069
1108
1148
890
927
963
999
1039
1075
1113
1152
910
947
987
1025
1061
1097
1137
898
946
983
1016
1050
1087
1121
1165
922
963
1003
1041
1076
1115
1152
1188
925
962
1004
1048
1084
1120
1156
1192
1229
955
997
1034
1070
1105
1138
1177
1214
922
963
1003
1039
1078
1114
1151
1189
908
947
990
1025
1061
1096
1134
1172
933
980
1017
1054
1097
1143
1176
902
944
984
1024
1059
1095
1131
1166
1203
959
1003
1039
1075
1110
1146
1198
924
966
1007
1042
1081
1120
1155
1195
928
966
1009
1046
1082
1118
1160
1199
920
955
992
1029
1064
1109
856
892
928
963
1000
1040
1078
869
908
944
980
1023
1058
1092
1129
910
951
991
1027
1063
1100
1135
1172
960
999
1036
1073
1107
1144
1183
911
953
995
1030
1067
1107
1144
1181
921
958
997
1039
1076
1114
1152
1189
918
961
998
1035
1070
1107
1142
1183
912
955
993
1030
1066
1106
1141
889
933
972
1009
1046
1080
1116
1151
1189
933
996
1031
1068
1104
1142
873
910
947
982
1017
1055
1095
1131
892
934
971
1005
1045
1081
1119
874
913
953
993
1030
1066
1102
1139
914
961
1000
1036
1073
1110
1146
1187
895
939
981
1020
1060
1096
1131
1168
903
951
994
1029
1064
1100
1136
1174
907
954
992
1029
1065
1107
1144
891
927
968
1009
1049
1085
1121
1159
895
933
973
1008
1044
1078
1114
1155
1200
927
962
998
1035
1070
1120
839
875
912
949
985
1026
825
865
902
939
974
1015
1052
1089
876
922
960
1001
1036
1072
1109
867
904
951
990
1026
1062
1099
1134
1174
929
966
1006
1051
1087
1145
1181
1218
934
971
1022
1058
1095
1131
1167
1202
1242
947
991
1031
1068
1103
1142
1178
1215
920
960
1001
1044
1080
1117
1156
1192
1230
958
997
1037
1069
1105
1139
1187
1226
948
988
1024
1064
1099
1135
1174
1221
950
989
1028
1063
1100
1136
891
935
971
1007
1042
1079
1125
1168
905
941
977
1013
1048
1098
847
883
919
955
991
1031
1076
847
882
921
957
998
1034
831
872
912
949
989
1027
1059
1093
881
919
966
1002
1039
1078
1113
1151
913
956
996
1032
1066
1102
1146
874
911
953
993
1028
1091
1126
1164
900
938
983
1018
1054
1091
1126
1164
909
952
992
1027
1062
1102
1141
866
903
948
986
1029
1064
1101
1138
878
920
962
996
1028
1064
1101
1141
889
925
961
999
1035
1071
1112
850
885
922
957
994
1046
823
865
906
943
983
1019
1053
1091
856
894
940
976
1012
1048
1089
1128
890
930
970
1005
1041
1078
1120
847
886
931
967
1004
1045
1081
1118
866
908
952
988
1022
1057
1092
1129
865
910
954
991
1026
1067
1108
1144
891
936
973
1010
1052
1088
1126
877
917
954
994
1029
1065
1097
1138
868
908
944
981
1016
1051
1093
829
865
900
937
972
1010
804
845
882
919
957
993
1035
822
865
906
944
978
1017
1053
1091
857
900
940
980
1018
1055
1091
1129
884
929
968
1006
1052
1088
1129
866
903
941
985
1023
1061
1098
1131
1167
1204
955
1002
1038
1075
1113
1151
1187
912
953
991
1027
1062
1099
1140
1177
874
915
956
991
1031
1066
1103
852
885
927
972
1008
1046
1083
1121
877
919
961
998
1034
1069
1107
1147
884
923
966
1001
1036
1115
1157
889
925
961
1025
1061
1102
1142
880
920
956
994
1031
1071
811
851
886
922
958
994
804
851
887
924
961
997
1035
842
887
927
962
997
1038
1074
1112
870
916
957
997
1034
1069
1107
872
908
951
991
1027
1063
1099
1135
1177
916
961
998
1035
1067
1111
1147
875
915
955
991
1031
1066
1101
1139
867
911
955
989
1025
1061
1099
856
899
939
975
1011
1047
1084
1124
874
915
952
991
1030
1070
816
853
892
933
970
1014
1049
1086
1123
888
928
972
1010
1048
1084
1119
1156
902
944
981
1014
1049
1085
1124
851
890
932
968
1006
1053
1090
1127
868
909
960
996
1031
1068
1104
860
903
942
980
1016
1052
1092
1131
887
926
969
1013
1050
1090
1128
1163
920
955
998
1042
1079
1116
1156
1192
1227
952
993
1030
1065
1101
1137
1178
909
949
988
1026
1062
1106
1146
847
892
929
969
1005
1042
1081
829
873
917
955
992
1027
1065
832
875
915
956
994
1030
1064
1104
1143
899
945
981
1018
1059
1095
1133
880
918
961
1008
1048
1086
1123
1160
1202
939
985
1022
1058
1094
1136
1181
897
933
975
1018
1061
1098
1134
1172
1207
925
976
1017
1056
1092
1128
1169
897
934
976
1019
1054
1095
1131
1168
1206
920
954
1000
1041
1077
1113
1150
1188
1230
966
1003
1043
1086
1123
1163
1199
1235
1273
980
1022
1068
1103
1139
1176
1212
1248
950
990
1028
1064
1099
1136
1188
865
905
945
984
1024
1060
1098
1133
1169
914
959
997
1034
1070
1108
1150
907
950
989
1026
1063
1110
1153
1193
930
970
1018
1061
