83303746
83303800
83304219
83304275
83304316
83304352
83304401
83304445
83304486
83304522
83304558
83304594
83304628
83304663
83304699
83304735
83304774
83304812
83304849
83304883
83304920
83304971
83305008
83305050
83305092
83305127
83305162
83305199
83305233
83305270
83305310
83305347
83305380
83305414
83305449
83305486
83305523
83305559
83305600
83305634
83305666
83305700
83305734
83305768
83305801
83305835
83305871
83305908
83305943
83305978
83306011
83306045
83306080
83306114
83306154
83306190
83306226
83306262
83306297
83306332
83306369
83306406
83306439
83306476
83306514
83306548
83306584
83306617
83306652
83306689
83306723
83306762
83306804
83306839
83306873
83306908
83306940
83306974
83307012
83307045
83307080
83307120
83307153
83307359
83307398
83307433
83307466
83307500
83307535
83307574
83307607
83307640
83307680
83307716
83307762
83307798
83307831
83307863
83307898
83307935
83307969
83308012
83308045
83308078
83308112
83308146
83308180
83308218
83308251
83308290
83308333
83308369
83308402
83308439
83308473
83308508
83308542
83308578
83308613
83308649
83308685
83308720
83308755
83308790
83308825
83308862
83308897
83308931
83308963
83309002
83309040
83309076
83309111
83309145
83309179
83309216
83309251
83309287
83309321
83309357
83309394
83309426
83309460
83309498
83309532
83309565
83309599
83309633
83309668
83309704
83309744
83309781
83309815
83309854
83309890
83309925
83309961
83309998
83310033
11189187
11189224
11189264
11190198
11190233
11190267
11190301
11190336
11190374
11190409
11190449
11190489
11190523
11190557
11190594
11190631
390570
390606
390641
390677
390723
390763
390797
390829
390863
390899
390938
121026
121059
121095
121131
121173
121214
121248
121281
121317
121354
121387
121422
1070
1111
1143
1178
1213
1251
1290
1323
1358
1036
1077
1116
1150
1184
1221
1257
1293
1331
987
1027
1063
1098
1135
1176
1211
1247
1289
1015
1061
1098
1134
1169
1203
1239
1275
1314
1031
1072
1110
1144
1178
1215
1249
1283
1316
1351
1056
1096
1140
1176
1211
1244
1280
1320
1354
1389
1426
1129
1169
1206
1239
1272
1309
1344
1378
1417
1091
1132
1170
1204
1240
1277
1312
1344
1380
1417
1450
1490
1154
1190
1225
1262
1298
1336
1371
1407
1445
1132
1165
1210
1243
1278
1315
1350
1384
1422
1469
1145
1179
1215
1251
1289
1326
1360
1394
1439
1109
1146
1179
1216
1251
1286
1320
1360
1399
1092
1129
1163
1200
1238
1273
1307
1341
1379
1079
1122
1158
1193
1227
1262
1297
1339
1375
1412
1103
1142
1177
1214
1249
1283
1319
1353
1390
1059
1098
1138
1171
1205
1242
1281
1315
1351
1388
1422
1121
1163
1198
1235
1270
1304
1339
1383
1427
1088
1122
1154
1189
1228
1261
1296
1334
1376
1415
1091
1124
1160
1197
1231
1267
1311
1355
1028
1065
1104
1137
1174
1210
1242
1283
1026
1062
1118
1152
1188
1224
1259
1294
1015
1054
1097
1132
1167
1203
1246
1280
1317
1358
1073
1111
1163
1197
1230
1264
1297
1335
1374
1409
1105
1140
1181
1219
1272
1306
1349
1382
1418
1461
1126
1168
1206
1240
1276
1308
1346
1383
1418
1455
1078
1121
1166
1200
1235
1272
1307
1342
1381
1435
1095
1141
1195
1247
1295
1334
1375
1429
1489
1171
1218
1260
1293
1332
1378
1418
1482
1157
1199
1251
1288
1327
1377
1436
1124
1175
1219
1260
1300
1341
1054
1108
1164
1220
1264
1312
1051
1097
1143
1190
1228
1275
1331
1080
1121
1173
1215
1268
1311
1052
1097
1146
1193
1229
1262
1297
1343
1072
1120
1168
1215
1260
1311
1368
1066
1141
1177
1220
1267
1299
1348
1390
1436
1155
1189
1228
1262
1310
1356
1390
1439
1129
1173
1227
1274
1332
1368
1412
1463
1151
1187
1224
1275
1322
1361
1432
1109
1156
1212
1272
1311
1355
1083
1130
1193
1227
1273
1317
1354
1412
1127
1168
1211
1259
1311
1347
1388
1102
1147
1184
1218
1252
1307
1340
1387
1118
1154
1211
1260
1304
1355
1399
1100
1153
1197
1233
1277
1314
1358
1392
1434
1482
1156
1209
1264
1299
1343
1385
1430
1127
1161
1206
1254
1289
1332
1395
1440
1117
1175
1222
1262
1304
1339
1373
1060
1107
1151
1199
1247
1290
1349
1083
1133
1179
1226
1270
1320
1046
1095
1140
1188
1234
1281
1330
1375
1126
1165
1201
1235
1281
1333
1377
1425
1101
1147
1183
1216
1252
1290
1336
1399
1441
1136
1170
1226
1275
1329
1383
1422
1483
1169
1204
1238
1273
1311
1359
1395
1435
1478
1138
1180
1215
1258
1306
1342
1396
1439
1148
1206
1257
1318
1368
1415
1121
1189
1224
1260
1314
1349
1406
1482
1190
1238
1283
1332
1379
1423
1466
1517
1195
1237
1272
1336
1382
1425
1069
1104
1139
1175
1220
1258
1299
1349
1084
1124
1159
1196
1232
1267
1301
1346
1386
1135
1169
1203
1238
1278
1313
1350
1387
1423
1136
1175
1211
1244
1279
1312
1345
1385
1417
1456
1498
1189
1222
1260
1296
1333
1367
1400
1438
1477
1516
1196
1229
1264
1299
1345
1381
1416
1450
1492
1142
1180
1215
1250
1286
1321
1355
1395
1434
1476
1162
1197
1233
1272
1306
1340
1375
1408
1448
1491
1166
1200
1234
1269
1305
1345
1379
1415
1453
1126
1163
1201
1235
1271
1304
1340
1376
1412
1462
1157
1191
1224
1257
1294
1329
1365
1400
1437
1481
1161
1195
1228
1263
1298
1334
1372
1407
1450
1128
1167
1204
1238
1272
1307
1343
1377
1411
1452
1156
1193
1228
1261
1301
1337
1368
1406
1441
1478
1527
1201
1234
1269
1304
1337
1374
1412
1448
1495
1173
1206
1244
1279
1313
1349
1384
1422
1464
1501
1536
1189
1223
1261
1302
1337
1378
1422
1460
1114
1152
1187
1220
1256
1293
1328
1368
1414
1122
1157
1193
1228
1274
1308
1348
1382
1421
1141
1181
1215
1249
1285
1321
1355
1396
1428
1465
1165
1205
1244
1284
1317
1353
1393
1425
1460
1498
1157
1199
1233
1267
1301
1338
1372
1412
1445
1479
1525
1197
1230
1266
1300
1336
1370
1408
1446
1481
1526
1162
1197
1238
1271
1306
1344
1379
1412
1453
1496
1163
1197
1232
1265
1310
1351
1385
1425
1460
1160
1202
1236
1268
1305
1338
1373
1411
1458
1496
1169
1201
1237
1274
1310
1350
1392
1429
1463
1499
1163
1200
1234
1270
1309
1354
1394
1430
1085
1120
1155
1194
1228
1265
1306
1343
1075
1112
1147
1182
1217
1253
1289
1335
1373
1107
1141
1175
1211
1252
1286
1320
1365
1097
1129
1169
1207
1240
1275
1311
1344
1384
1425
1134
1169
1202
1236
1278
1311
1347
1381
1429
1127
1162
1196
1231
1265
1300
1335
1371
1406
1104
1145
1179
1213
1253
1289
1323
1358
1393
1432
1136
1173
1206
1240
1275
1312
1348
1383
1419
1466
1142
1176
1215
1249
1287
1322
1356
1392
1434
1117
1154
1188
1220
1255
1294
1332
1366
1400
1443
1125
1163
1198
1232
1270
1306
1343
1418
1123
1159
1194
1229
1268
1303
1339
1376
1412
1454
1130
1163
1199
1235
1268
1303
1342
1378
1413
1106
1147
1180
1220
1257
1289
1323
1363
1396
1434
1131
1169
1203
1237
1272
1312
1345
1380
1416
1460
1137
1175
1211
1250
1285
1325
1359
1399
1443
1109
1143
1179
1217
1253
1291
1328
1369
1414
1080
1115
1151
1189
1225
1259
1297
1337
1378
1089
1123
1158
1191
1255
1291
1326
1362
1069
1112
1149
1185
1218
1253
1287
1338
1373
1408
1142
1188
1228
1266
1298
1334
1370
1405
1440
1478
1122
1163
1201
1235
1269
1308
1344
1377
1413
1448
1484
1157
1199
1234
1269
1305
1340
1379
1415
1454
1077
1119
1158
1199
1238
1277
1315
1351
1386
1430
1122
1159
1193
1227
1262
1304
1338
1374
1411
1455
1113
1148
1183
1219
1256
1290
1326
1366
1402
1089
1122
1155
1191
1231
1267
1303
1343
1385
1100
1138
1173
1206
1241
1278
1312
1362
1398
1084
1119
1152
1186
1224
1260
1299
1339
1014
1046
1085
1121
1157
1194
1232
1271
1020
1053
1087
1121
1158
1193
1232
1274
1004
1040
1074
1109
1163
1196
1234
1266
1304
1067
1104
1139
1172
1207
1242
1280
1318
1361
1073
1110
1144
1180
1220
1253
1288
1322
1361
1075
1111
1144
1179
1214
1248
1282
1321
1359
1043
1080
1112
1146
1185
1220
1255
1289
1331
1041
1079
1113
1147
1181
1218
1252
1309
1357
1072
1106
1139
1178
1214
1248
1284
1330
1019
1055
1087
1121
1157
1194
1228
1269
1314
1036
1070
1102
1138
1183
1218
1254
1296
1030
1069
1106
1138
1174
1208
1241
1277
1321
1042
1075
1110
1144
1177
1213
1246
1285
1327
1051
1086
1128
1162
1197
1234
1268
1301
1351
1073
1107
1142
1177
1213
1250
1283
1321
1015
1059
1095
1154
1187
1222
1254
1292
1331
1057
1096
1129
1163
1199
1234
1272
1309
1354
1053
1086
1119
1185
1219
1255
1299
1343
1009
1043
1076
1113
1147
1181
1220
1264
1002
1040
1073
1107
1146
1182
1216
1252
979
1021
1064
1097
1130
1165
1201
1234
1272
1307
1052
1097
1139
1172
1210
1246
1281
1316
1351
1037
1077
1119
1155
1190
1225
1260
1305
1341
1376
1063
1106
1143
1181
1216
1250
1285
1319
1354
1013
1049
1087
1127
1163
1198
1239
1273
1309
1345
1043
1082
1127
1164
1199
1233
1268
1302
1343
1047
1081
1122
1164
1201
1238
1273
1307
1344
1381
1056
1095
1131
1175
1209
1243
1279
1318
1353
1393
1067
1106
1143
1182
1214
1250
1285
1318
1353
1390
1433
1091
1125
1160
1196
1235
1269
1308
1346
1004
1041
1079
1113
1148
1182
1220
1255
1293
1024
1065
1103
1136
1171
1212
1245
1282
1009
1050
1092
1133
1168
1209
1244
1277
1314
1020
1054
1092
1138
1173
1205
1243
1278
1313
1350
1025
1062
1114
1148
1180
1215
1249
1284
1320
1356
1046
1088
1124
1157
1196
1233
1271
1305
1340
1004
1050
1088
1120
1153
1187
1221
1261
1300
994
1032
1077
1113
1149
1185
1218
1253
1290
1324
1045
1087
1123
1155
1191
1224
1261
1297
1332
1016
1059
1098
1136
1171
1201
1238
1273
1306
993
1027
1068
1109
1144
1177
1220
1253
1290
1006
1040
1080
1120
1157
1191
1224
1259
1293
1328
1364
1060
1099
1135
1170
1221
1259
1293
1327
1005
1041
1086
1124
1157
1192
1229
1262
1300
983
1016
1061
1099
1134
1183
1217
1250
1284
1002
1055
1096
1128
1161
1197
1231
1266
1303
1342
1024
1061
1094
1128
1168
1203
1236
1273
966
1005
1043
1079
1116
1150
1184
1218
1254
990
1030
1071
1107
1141
1179
1214
1252
965
1002
1036
1077
1123
1156
1190
1225
1263
1305
1342
1063
1099
1137
1177
1220
1254
1288
1327
1361
1400
1048
1081
1115
1160
1202
1235
1278
1310
1346
1382
1046
1084
1122
1165
1204
1237
1272
1307
1343
1383
1018
1055
1089
1130
1175
1210
1245
1281
1316
1352
1030
1064
1101
1146
1183
1221
1269
1305
1342
1375
1041
1077
1119
1160
1195
1232
1266
1302
1338
1002
1035
1076
1117
1151
1189
1226
1259
1294
1332
1007
1055
1090
1125
1159
1194
1227
1268
1304
990
1028
1063
1098
1137
1172
1207
1245
1279
998
1040
1076
1110
1143
1180
1215
1253
1289
1010
1049
1085
1121
1158
1193
1229
1263
1297
1023
1062
1102
1138
1172
1207
1245
1282
1319
1012
1046
1088
1126
1163
1197
1232
1269
1304
989
1025
1062
1099
1140
1173
1206
1246
1281
1316
1012
1051
1087
1131
1165
1200
1236
1272
1304
993
1030
1066
1107
1144
1177
1216
1253
1286
1321
997
1037
1083
1116
1150
1185
1219
1252
1291
996
1037
1077
1112
1147
1187
1225
1259
1293
961
996
1038
1080
1114
1148
1183
1220
1257
1293
1010
1052
1092
1126
1180
1215
1248
1285
1011
1044
1093
1132
1165
1200
1234
1269
1308
974
1008
1053
1091
1125
1164
1199
1232
1270
973
1007
1053
1094
1131
1167
1200
1235
1276
1312
1008
1047
1083
1127
1189
1223
1259
1292
1329
1017
1057
1097
1130
1164
1199
1238
1273
1313
1002
1045
1084
1128
1162
1201
1233
1269
933
971
1013
1050
1083
1118
1152
1191
1231
956
991
1029
1067
1109
1143
1178
1211
1247
1283
999
1035
1069
1112
1153
1188
1225
1262
1296
1332
1026
1061
1102
1140
1180
1217
1251
1285
1322
1356
1393
1069
1103
1139
1188
1225
1260
1293
1329
1367
1408
1064
1098
1135
1178
1214
1279
1313
1350
1386
1030
1065
1104
1143
1182
1215
1250
1297
1330
1367
1024
1057
1095
1141
1175
1208
1244
1278
1312
1353
1037
1076
1118
1153
1189
1228
1262
1297
1334
1009
1052
1100
1133
1168
1203
1236
1271
1308
989
1030
1064
1097
1133
1173
1207
1247
952
987
1020
1058
1093
1126
1162
1200
1245
978
1011
1044
1081
1116
1148
1218
946
988
1024
1057
1096
1127
1164
1202
967
1002
1049
1088
1123
1159
1193
1230
1266
1302
1017
1056
1100
1134
1170
1203
1238
1275
1311
1004
1042
1081
1119
1153
1188
1221
1259
1295
984
1020
1055
1100
1140
1176
1210
1244
1279
1316
1001
1036
1084
1121
1155
1187
1224
1262
1301
997
1034
1077
1115
1149
1182
1216
1250
1288
963
1000
1042
1077
1110
1148
1186
1222
1260
963
999
1043
1087
1123
1157
1192
1230
1264
971
1011
1056
1090
1125
1160
1198
1235
1275
977
1017
1058
1122
1156
1192
1229
1266
963
996
1034
1081
1118
1151
1189
1226
1264
971
1005
1040
1084
1126
1160
1193
1227
1263
1300
1338
1034
1066
1111
1152
1190
1225
1260
1294
1331
1369
1053
1089
1123
1157
1191
1225
1265
1301
984
1021
1057
1090
1127
1161
1198
1237
923
960
1002
1037
1073
1108
1142
1177
935
969
1012
1051
1088
1122
1166
1201
1239
1272
979
1015
1059
1101
1139
1173
1209
1244
1284
1317
1051
1089
1129
1170
1222
1256
1290
1324
1359
1025
1066
1107
1147
1182
1218
1256
1295
1330
998
1033
1077
1115
1170
1204
1239
1276
1313
987
1023
1066
1107
1141
1174
1209
1247
1284
1322
1027
1067
1111
1149
1186
1220
1253
1292
1330
1015
1049
1094
1135
1168
1203
1243
1278
1316
991
1024
1062
1110
1147
1179
1212
1247
1285
1322
1017
1058
1097
1135
1168
1207
1240
1275
1315
1010
1053
1094
1128
1164
1201
1234
1270
1308
966
1006
1040
1074
1108
1160
1193
1229
947
985
1025
1064
1099
1133
1166
1201
1237
973
1009
1054
1094
1129
1163
1201
1236
1272
974
1010
1053
1098
1135
1169
1202
1237
1275
1312
1005
1040
1085
1121
1156
1195
1229
1266
1303
987
1022
1067
1104
1142
1177
1212
1248
1285
1319
1003
1039
1080
1119
1156
1189
1226
1260
1298
994
1029
1071
1112
1147
1182
1217
1256
1292
1332
1006
1044
1082
1124
1157
1193
1226
1263
1299
985
1022
1068
1105
1142
1177
1216
1252
1289
993
1030
1066
1113
1151
1186
1224
1257
1292
1330
1018
1052
1100
1133
1167
1205
1240
1278
1315
1008
1042
1080
1121
1162
1198
1230
1267
1303
1338
1020
1060
1093
1138
1220
1256
1290
1326
1360
1047
1083
1122
1165
1199
1232
1277
1311
1345
1003
1041
1084
1123
1158
1195
1230
1265
1302
962
1000
1039
1073
1109
1144
1188
1227
919
957
992
1025
1065
1099
1132
1168
926
968
1021
1056
1092
1128
1163
1197
915
949
987
1031
1067
1102
1140
1174
1210
1246
1002
1038
1078
1122
1158
1191
1226
1263
1298
1333
1035
1071
1109
1148
1194
1231
1266
1302
1338
1004
1041
1073
1111
1152
1186
1220
1258
1292
1330
987
1021
1056
1100
1140
1176
1211
1247
1282
1319
995
1035
1078
1115
1148
1188
1225
1260
1299
993
1038
1084
1118
1152
1190
1223
1259
936
970
1010
1053
1086
1124
1164
1198
1237
966
1009
1042
1081
1115
1149
1186
1230
1276
965
1001
1036
1072
1107
1142
1196
910
944
982
1017
1056
1094
1134
914
952
993
1027
1064
1102
1137
911
964
1006
1041
1075
1109
1143
1194
